schema_version: 1
id: 25c042b9-2253-4ac2-9f66-8ce867083c47
name: New Task
status: planning
created_at: 2026-06-01T04:02:49.339813800+00:00
updated_at: 2026-06-01T04:02:49.339813800+00:00
cards_total: 0
cards_done: 0
cards_failed: 0
agents_active: 0
is_name_generated: false
