schema_version: 1
id: 6c865f7f-368d-4fd0-8624-7ca1e2e628c7
name: New Task
status: planning
created_at: 2026-06-01T04:07:14.011064500+00:00
updated_at: 2026-06-01T04:07:14.011064500+00:00
cards_total: 0
cards_done: 0
cards_failed: 0
agents_active: 0
is_name_generated: false
